[Variables]
nozzle_expansion_applied_offset = 0.034500000001706284
nozzle_expansion_coefficient = 0.03000000000148373

