[Variables]
nozzle_expansion_applied_offset = 0.02550000000126117
nozzle_expansion_coefficient = 0.03000000000148373

